130	0.0384615	0.0237357
130	0.0384615	0.0246012
130	0.0384615	0.02532
130	0.0384615	0.0258045
129	0.04	0.0261715
131	0.037037	0.0263846
131	0.037037	0.0266
130	0.0384615	0.02676
130	0.0384615	0.0268863
131	0.037037	0.0269637
131	0.037037	0.0269522
130	0.0384615	0.026816
129	0.04	0.0270228
129	0.04	0.0269925
128	0.0416667	0.0269863
128	0.0416667	0.0271508
128	0.0416667	0.0271055
129	0.04	0.0271648
131	0.037037	0.0272726
130	0.0384615	0.0273294
129	0.04	0.0272134
129	0.04	0.0272188
129	0.04	0.0271958
129	0.04	0.0273206
129	0.04	0.0273402
129	0.04	0.0272402
128	0.0416667	0.0273354
126	0.0454545	0.0273769
126	0.0454545	0.0273858
126	0.0454545	0.0272177
129	0.04	0.0271594
128	0.0416667	0.0271608
128	0.0416667	0.0272659
128	0.0416667	0.0271928
128	0.0416667	0.0273181
128	0.0416667	0.027286
129	0.04	0.0272361
129	0.04	0.0273094
129	0.04	0.0273102
128	0.0416667	0.0273594
128	0.0416667	0.0272974
128	0.0416667	0.0272414
128	0.0416667	0.0273873
128	0.0416667	0.0270786
128	0.0416667	0.0271041
128	0.0416667	0.0272075
128	0.0416667	0.0271597
128	0.0416667	0.0271265
128	0.0416667	0.0272762
128	0.0416667	0.0273741
129	0.04	0.0277147
129	0.04	0.0274617
128	0.0416667	0.0277444
128	0.0416667	0.027486
128	0.0416667	0.0274205
128	0.0416667	0.0273611
126	0.0454545	0.027366
126	0.0454545	0.0273254
129	0.04	0.0275019
129	0.04	0.02747
129	0.04	0.0275167
128	0.0416667	0.0275258
129	0.04	0.027388
129	0.04	0.0275198
126	0.0454545	0.0273776
126	0.0454545	0.0273909
129	0.04	0.0273615
129	0.04	0.0273688
129	0.04	0.0274134
127	0.0434783	0.0270553
127	0.0434783	0.0275255
127	0.0434783	0.0274283
127	0.0434783	0.0273748
130	0.0384615	0.0273654
130	0.0384615	0.0275608
128	0.0416667	0.0276601
130	0.0384615	0.0275189
128	0.0416667	0.0277378
128	0.0416667	0.0276165
128	0.0416667	0.0274669
129	0.04	0.0276554
129	0.04	0.0275623
129	0.04	0.027588
129	0.04	0.0274768
128	0.0416667	0.0275536
128	0.0416667	0.0276561
128	0.0416667	0.0275032
127	0.0434783	0.0276732
127	0.0434783	0.027567
128	0.0416667	0.0276195
128	0.0416667	0.0273124
127	0.0434783	0.027531
127	0.0434783	0.0275046
127	0.0434783	0.0277703
127	0.0434783	0.0275892
127	0.0434783	0.0277969
127	0.0434783	0.0277009
127	0.0434783	0.0278613
127	0.0434783	0.027751
128	0.0416667	0.0274904
128	0.0416667	0.0276787
128	0.0416667	0.0275874
127	0.0434783	0.0275908
127	0.0434783	0.0275311
124	0.05	0.0275024
127	0.0434783	0.0273574
127	0.0434783	0.0273605
130	0.0384615	0.0274615
129	0.04	0.0275239
128	0.0416667	0.0274609
128	0.0416667	0.0275462
128	0.0416667	0.0274992
129	0.04	0.0275323
129	0.04	0.0274768
129	0.04	0.0273757
130	0.0384615	0.0273881
129	0.04	0.0274654
127	0.0434783	0.0275036
127	0.0434783	0.0276121
128	0.0416667	0.0276344
128	0.0416667	0.0275866
130	0.0384615	0.027515
129	0.04	0.0275236
129	0.04	0.0277782
129	0.04	0.0277614
129	0.04	0.0276154
125	0.047619	0.027772
125	0.047619	0.0275286
125	0.047619	0.0275498
125	0.047619	0.0274929
124	0.05	0.0275156
129	0.04	0.0275826
127	0.0434783	0.0276414
127	0.0434783	0.0275044
129	0.04	0.0274494
128	0.0416667	0.0273438
128	0.0416667	0.0272893
128	0.0416667	0.0274517
128	0.0416667	0.027568
128	0.0416667	0.0274243
131	0.037037	0.0275843
127	0.0434783	0.0277233
127	0.0434783	0.0275904
127	0.0434783	0.0276219
128	0.0416667	0.0277765
128	0.0416667	0.0275622
127	0.0434783	0.027726
127	0.0434783	0.0276151
127	0.0434783	0.0278003
129	0.04	0.0275712
128	0.0416667	0.0277273
128	0.0416667	0.0278374
128	0.0416667	0.027694
128	0.0416667	0.0276021
128	0.0416667	0.0276971
128	0.0416667	0.0273972
127	0.0434783	0.0276339
128	0.0416667	0.0276018
129	0.04	0.0274261
129	0.04	0.0274732
129	0.04	0.0275917
129	0.04	0.0276254
129	0.04	0.0277748
128	0.0416667	0.02751
125	0.047619	0.0275726
129	0.04	0.027461
128	0.0416667	0.0275667
128	0.0416667	0.0274185
130	0.0384615	0.0275813
127	0.0434783	0.0273612
127	0.0434783	0.0273547
129	0.04	0.027356
128	0.0416667	0.0273408
128	0.0416667	0.0276568
128	0.0416667	0.027602
129	0.04	0.0275235
130	0.0384615	0.0275352
130	0.0384615	0.0276762
129	0.04	0.0275653
130	0.0384615	0.0276812
130	0.0384615	0.0275133
128	0.0416667	0.0275251
128	0.0416667	0.027962
129	0.04	0.027829
129	0.04	0.0278186
129	0.04	0.0277333
129	0.04	0.0277209
129	0.04	0.0277373
126	0.0454545	0.0276946
126	0.0454545	0.0276764
126	0.0454545	0.027404
126	0.0454545	0.0274531
126	0.0454545	0.0273884
126	0.0454545	0.0274677
128	0.0416667	0.0274854
130	0.0384615	0.0274644
129	0.04	0.0273485
126	0.0454545	0.0274856
126	0.0454545	0.0274436
126	0.0454545	0.0274684
126	0.0454545	0.0273685
126	0.0454545	0.0275983
126	0.0454545	0.0276996
128	0.0416667	0.027688
128	0.0416667	0.027655
128	0.0416667	0.0275607
128	0.0416667	0.0274361
129	0.04	0.0273297
129	0.04	0.0274514
128	0.0416667	0.0275442
129	0.04	0.0274795
129	0.04	0.0276267
129	0.04	0.0274684
129	0.04	0.0274977
126	0.0454545	0.0276563
126	0.0454545	0.0277021
128	0.0416667	0.0276372
128	0.0416667	0.0275189
128	0.0416667	0.0274966
124	0.05	0.0274662
128	0.0416667	0.02763
129	0.04	0.027442
129	0.04	0.0275438
127	0.0434783	0.0276223
127	0.0434783	0.0277071
128	0.0416667	0.027549
128	0.0416667	0.027569
127	0.0434783	0.0276799
127	0.0434783	0.0275703
128	0.0416667	0.0275602
130	0.0384615	0.0275415
128	0.0416667	0.0275978
127	0.0434783	0.0277018
128	0.0416667	0.0276092
129	0.04	0.0276807
129	0.04	0.0277574
128	0.0416667	0.027379
128	0.0416667	0.0273195
127	0.0434783	0.0274409
128	0.0416667	0.0275919
128	0.0416667	0.0273935
127	0.0434783	0.0274769
127	0.0434783	0.0274817
127	0.0434783	0.027634
127	0.0434783	0.0277531
128	0.0416667	0.027808
128	0.0416667	0.0277714
128	0.0416667	0.0277076
129	0.04	0.0278126
129	0.04	0.0277793
127	0.0434783	0.0276321
127	0.0434783	0.0279091
127	0.0434783	0.0277687
127	0.0434783	0.0278226
127	0.0434783	0.0278145
127	0.0434783	0.0280021
127	0.0434783	0.0278638
127	0.0434783	0.0277835
127	0.0434783	0.0277855
128	0.0416667	0.0278622
128	0.0416667	0.0278043
128	0.0416667	0.0278022
127	0.0434783	0.0277737
128	0.0416667	0.0275732
125	0.047619	0.0274522
125	0.047619	0.0276002
127	0.0434783	0.027805
127	0.0434783	0.0276099
127	0.0434783	0.0276422
127	0.0434783	0.0277806
126	0.0454545	0.0277717
126	0.0454545	0.0279277
126	0.0454545	0.0279899
126	0.0454545	0.0280133
126	0.0454545	0.027914
126	0.0454545	0.0277504
129	0.04	0.0278002
128	0.0416667	0.0275374
126	0.0454545	0.0274457
126	0.0454545	0.0276922
127	0.0434783	0.0280467
127	0.0434783	0.0279728
127	0.0434783	0.0279875
125	0.047619	0.0279987
127	0.0434783	0.0281571
127	0.0434783	0.0280941
127	0.0434783	0.0280338
125	0.047619	0.0278298
125	0.047619	0.0278332
125	0.047619	0.0277563
125	0.047619	0.0280026
125	0.047619	0.0280098
125	0.047619	0.0281172
129	0.04	0.0279348
129	0.04	0.027658
125	0.047619	0.0277573
125	0.047619	0.0279104
125	0.047619	0.028061
127	0.0434783	0.0282668
127	0.0434783	0.0279814
127	0.0434783	0.0279665
127	0.0434783	0.0280654
127	0.0434783	0.0280154
126	0.0454545	0.0279443
126	0.0454545	0.0280544
126	0.0454545	0.0282709
126	0.0454545	0.0283413
128	0.0416667	0.0283715
127	0.0434783	0.0284056
127	0.0434783	0.0282428
126	0.0454545	0.0284902
126	0.0454545	0.0282645
126	0.0454545	0.0282189
127	0.0434783	0.0281482
128	0.0416667	0.0281643
126	0.0454545	0.0280441
127	0.0434783	0.0279786
127	0.0434783	0.0280859
128	0.0416667	0.0280334
128	0.0416667	0.0279194
127	0.0434783	0.0281281
126	0.0454545	0.027996
126	0.0454545	0.0281275
127	0.0434783	0.0277936
127	0.0434783	0.0279955
124	0.05	0.0280477
127	0.0434783	0.0279751
127	0.0434783	0.0279999
127	0.0434783	0.0280032
128	0.0416667	0.0278981
127	0.0434783	0.0279126
125	0.047619	0.0279518
125	0.047619	0.0278754
125	0.047619	0.0279587
125	0.047619	0.0278236
126	0.0454545	0.0280145
124	0.05	0.0281132
126	0.0454545	0.0280973
126	0.0454545	0.028184
125	0.047619	0.0281269
126	0.0454545	0.0279879
126	0.0454545	0.0277485
126	0.0454545	0.0279502
125	0.047619	0.0280659
126	0.0454545	0.0278772
126	0.0454545	0.0282162
126	0.0454545	0.0279699
125	0.047619	0.0281033
125	0.047619	0.0282213
125	0.047619	0.0283738
125	0.047619	0.0281911
125	0.047619	0.0281835
126	0.0454545	0.0280771
126	0.0454545	0.0282038
125	0.047619	0.0281284
124	0.05	0.028299
124	0.05	0.0283722
124	0.05	0.0283836
126	0.0454545	0.0281516
127	0.0434783	0.0280535
127	0.0434783	0.0280655
127	0.0434783	0.0281452
126	0.0454545	0.0282447
125	0.047619	0.0282828
126	0.0454545	0.0283052
126	0.0454545	0.0283436
124	0.05	0.0283883
124	0.05	0.0283869
124	0.05	0.0284634
124	0.05	0.0284454
125	0.047619	0.0285195
126	0.0454545	0.0284116
126	0.0454545	0.0284454
125	0.047619	0.0285062
125	0.047619	0.0286127
121	0.0588235	0.0284436
125	0.047619	0.0283497
124	0.05	0.0282937
125	0.047619	0.0284148
125	0.047619	0.028406
125	0.047619	0.0283191
124	0.05	0.0281988
124	0.05	0.0285491
124	0.05	0.0286546
124	0.05	0.0286756
124	0.05	0.0285796
124	0.05	0.0285826
124	0.05	0.0287061
124	0.05	0.0290555
124	0.05	0.0288658
124	0.05	0.028764
124	0.05	0.0283681
124	0.05	0.0284692
124	0.05	0.0283016
124	0.05	0.0283842
124	0.05	0.0285721
124	0.05	0.0286334
124	0.05	0.028342
124	0.05	0.0285771
126	0.0454545	0.0285666
126	0.0454545	0.0284208
127	0.0434783	0.028732
125	0.047619	0.0283621
125	0.047619	0.0284461
127	0.0434783	0.0282984
126	0.0454545	0.0283691
127	0.0434783	0.0281481
126	0.0454545	0.0282036
127	0.0434783	0.028238
125	0.047619	0.0282236
125	0.047619	0.0282969
125	0.047619	0.0283109
126	0.0454545	0.0282956
126	0.0454545	0.0284906
126	0.0454545	0.0284181
126	0.0454545	0.0285187
126	0.0454545	0.0286679
126	0.0454545	0.0288157
126	0.0454545	0.0284357
124	0.05	0.0285887
124	0.05	0.0284595
126	0.0454545	0.0284413
123	0.0526316	0.028476
123	0.0526316	0.028389
123	0.0526316	0.028662
125	0.047619	0.0287118
124	0.05	0.028547
124	0.05	0.028463
124	0.05	0.0284913
124	0.05	0.0284378
124	0.05	0.0285474
126	0.0454545	0.0283242
124	0.05	0.0282455
124	0.05	0.0284769
124	0.05	0.0284353
123	0.0526316	0.0281965
123	0.0526316	0.0283945
123	0.0526316	0.0282868
122	0.0555556	0.0284863
122	0.0555556	0.0285463
122	0.0555556	0.028764
124	0.05	0.0285597
126	0.0454545	0.0284284
126	0.0454545	0.0285462
126	0.0454545	0.0283573
126	0.0454545	0.0284484
125	0.047619	0.0282699
127	0.0434783	0.028551
124	0.05	0.0284304
124	0.05	0.0285768
124	0.05	0.0286033
124	0.05	0.0288456
124	0.05	0.0287496
121	0.0588235	0.0286664
121	0.0588235	0.0286066
121	0.0588235	0.0287599
121	0.0588235	0.0287335
120	0.0625	0.0286819
126	0.0454545	0.0289065
125	0.047619	0.0285823
125	0.047619	0.0288096
125	0.047619	0.0288806
125	0.047619	0.0286123
126	0.0454545	0.0288624
126	0.0454545	0.0284573
124	0.05	0.0288137
124	0.05	0.0285765
126	0.0454545	0.0286099
126	0.0454545	0.0285
125	0.047619	0.028485
125	0.047619	0.0286055
124	0.05	0.028518
124	0.05	0.0285817
124	0.05	0.0284553
124	0.05	0.0284682
124	0.05	0.0284723
125	0.047619	0.0286079
126	0.0454545	0.0287552
126	0.0454545	0.0284776
123	0.0526316	0.0285697
123	0.0526316	0.0285371
123	0.0526316	0.0285185
123	0.0526316	0.0288311
123	0.0526316	0.0285893
123	0.0526316	0.0289116
123	0.0526316	0.0288745
126	0.0454545	0.028804
123	0.0526316	0.0290511
123	0.0526316	0.0290291
125	0.047619	0.028951
126	0.0454545	0.0287702
123	0.0526316	0.029034
126	0.0454545	0.0289741
123	0.0526316	0.0291408
121	0.0588235	0.0291016
123	0.0526316	0.0291984
124	0.05	0.0290664
124	0.05	0.0287395
122	0.0555556	0.0287061
125	0.047619	0.0286657
125	0.047619	0.0286396
123	0.0526316	0.0290827
123	0.0526316	0.0291199
123	0.0526316	0.0287688
124	0.05	0.0289068
122	0.0555556	0.0287579
125	0.047619	0.0288931
125	0.047619	0.028803
125	0.047619	0.0288819
121	0.0588235	0.0288218
125	0.047619	0.0284938
125	0.047619	0.0285509
126	0.0454545	0.0285249
124	0.05	0.0286133
124	0.05	0.0284772
124	0.05	0.0284376
126	0.0454545	0.0284853
126	0.0454545	0.028465
126	0.0454545	0.0286267
125	0.047619	0.0285639
125	0.047619	0.0286891
124	0.05	0.0285413
126	0.0454545	0.0286901
126	0.0454545	0.0286774
126	0.0454545	0.028789
125	0.047619	0.0285346
125	0.047619	0.0286294
125	0.047619	0.0287068
125	0.047619	0.0285821
125	0.047619	0.0285356
123	0.0526316	0.0285808
127	0.0434783	0.0283609
126	0.0454545	0.0284898
124	0.05	0.0285732
124	0.05	0.0287095
123	0.0526316	0.0286363
123	0.0526316	0.0287589
123	0.0526316	0.028798
123	0.0526316	0.0286598
123	0.0526316	0.028714
123	0.0526316	0.0287504
123	0.0526316	0.0286459
123	0.0526316	0.0285735
123	0.0526316	0.028699
123	0.0526316	0.0286809
123	0.0526316	0.0284942
124	0.05	0.0288272
123	0.0526316	0.0286712
124	0.05	0.0285889
125	0.047619	0.0285552
122	0.0555556	0.0287175
124	0.05	0.0286804
122	0.0555556	0.0286332
122	0.0555556	0.0286089
125	0.047619	0.0287899
125	0.047619	0.0288006
124	0.05	0.0288856
119	0.0666667	0.029078
123	0.0526316	0.0289082
123	0.0526316	0.0289968
123	0.0526316	0.0291681
123	0.0526316	0.0291095
123	0.0526316	0.0290268
125	0.047619	0.0289674
123	0.0526316	0.029274
125	0.047619	0.0289668
125	0.047619	0.028931
122	0.0555556	0.0287723
122	0.0555556	0.0288624
120	0.0625	0.028777
123	0.0526316	0.0286752
123	0.0526316	0.0286123
126	0.0454545	0.0288569
123	0.0526316	0.0289999
120	0.0625	0.0291831
120	0.0625	0.0292745
120	0.0625	0.0295949
120	0.0625	0.0294571
120	0.0625	0.0293395
120	0.0625	0.0292564
120	0.0625	0.0290543
120	0.0625	0.0290649
122	0.0555556	0.0286496
122	0.0555556	0.0287994
121	0.0588235	0.0291888
121	0.0588235	0.0290759
123	0.0526316	0.0291134
123	0.0526316	0.029427
123	0.0526316	0.029089
123	0.0526316	0.029146
123	0.0526316	0.0290988
122	0.0555556	0.0290097
123	0.0526316	0.0290758
123	0.0526316	0.028885
124	0.05	0.0289536
124	0.05	0.0290537
124	0.05	0.0289575
125	0.047619	0.0290094
125	0.047619	0.0288697
125	0.047619	0.0288843
125	0.047619	0.029056
125	0.047619	0.0291886
125	0.047619	0.0290258
123	0.0526316	0.0290048
123	0.0526316	0.0293812
123	0.0526316	0.0290684
123	0.0526316	0.0292481
123	0.0526316	0.0293323
124	0.05	0.0290872
121	0.0588235	0.029307
120	0.0625	0.0295812
121	0.0588235	0.0294014
121	0.0588235	0.0293072
124	0.05	0.029556
124	0.05	0.0294405
120	0.0625	0.029301
124	0.05	0.0293505
124	0.05	0.0295024
123	0.0526316	0.0292858
123	0.0526316	0.0294985
123	0.0526316	0.0293691
121	0.0588235	0.0292586
121	0.0588235	0.029381
121	0.0588235	0.0292605
121	0.0588235	0.029127
121	0.0588235	0.0294112
123	0.0526316	0.0293749
123	0.0526316	0.0296505
122	0.0555556	0.0294976
122	0.0555556	0.0296241
122	0.0555556	0.0295076
123	0.0526316	0.0295411
123	0.0526316	0.0297793
122	0.0555556	0.029574
122	0.0555556	0.0297436
122	0.0555556	0.0297447
119	0.0666667	0.0297045
119	0.0666667	0.0297497
119	0.0666667	0.0297841
122	0.0555556	0.029638
117	0.0769231	0.0296361
122	0.0555556	0.0297965
124	0.05	0.0298002
124	0.05	0.0299474
123	0.0526316	0.0300246
122	0.0555556	0.0299109
122	0.0555556	0.0297149
124	0.05	0.0294817
123	0.0526316	0.0296542
123	0.0526316	0.0296072
121	0.0588235	0.0296441
123	0.0526316	0.0295686
121	0.0588235	0.0294058
125	0.047619	0.0294527
123	0.0526316	0.0292788
121	0.0588235	0.029347
121	0.0588235	0.0293744
121	0.0588235	0.0293657
121	0.0588235	0.0294811
121	0.0588235	0.029593
121	0.0588235	0.0295045
121	0.0588235	0.0294145
121	0.0588235	0.0295939
123	0.0526316	0.0295077
123	0.0526316	0.0296266
124	0.05	0.0293281
120	0.0625	0.0292226
122	0.0555556	0.0294757
124	0.05	0.0293511
122	0.0555556	0.0294586
124	0.05	0.0292938
122	0.0555556	0.0293962
122	0.0555556	0.0296061
122	0.0555556	0.0293716
123	0.0526316	0.0291684
123	0.0526316	0.0295596
121	0.0588235	0.0297414
123	0.0526316	0.0296122
120	0.0625	0.0294974
120	0.0625	0.0295501
120	0.0625	0.0296851
120	0.0625	0.0294653
122	0.0555556	0.0294669
121	0.0588235	0.0296546
121	0.0588235	0.0296633
122	0.0555556	0.0295834
121	0.0588235	0.0294066
122	0.0555556	0.0293371
122	0.0555556	0.0294366
122	0.0555556	0.0296948
121	0.0588235	0.0298226
121	0.0588235	0.0295063
121	0.0588235	0.0296074
120	0.0625	0.029922
120	0.0625	0.0297463
120	0.0625	0.0297723
120	0.0625	0.0298893
120	0.0625	0.0298746
122	0.0555556	0.029784
120	0.0625	0.0297048
121	0.0588235	0.0297467
121	0.0588235	0.0298647
121	0.0588235	0.0301106
120	0.0625	0.0297498
120	0.0625	0.029629
121	0.0588235	0.0299307
119	0.0666667	0.0299626
118	0.0714286	0.0299766
118	0.0714286	0.030097
118	0.0714286	0.0302134
118	0.0714286	0.0301053
118	0.0714286	0.0298723
118	0.0714286	0.0299834
118	0.0714286	0.030101
118	0.0714286	0.0299718
120	0.0625	0.0302452
120	0.0625	0.0301661
122	0.0555556	0.0302023
122	0.0555556	0.0302702
118	0.0714286	0.0300877
118	0.0714286	0.0301347
118	0.0714286	0.0300106
122	0.0555556	0.0302097
121	0.0588235	0.0305158
121	0.0588235	0.0300215
121	0.0588235	0.0301037
120	0.0625	0.0299229
120	0.0625	0.0299988
120	0.0625	0.0298766
120	0.0625	0.0301691
120	0.0625	0.0298026
120	0.0625	0.0298898
120	0.0625	0.0298411
120	0.0625	0.0299555
121	0.0588235	0.0300801
122	0.0555556	0.0299996
120	0.0625	0.0300504
118	0.0714286	0.0300334
118	0.0714286	0.0298457
123	0.0526316	0.0298484
123	0.0526316	0.0296972
121	0.0588235	0.0299815
121	0.0588235	0.0300576
119	0.0666667	0.0300849
119	0.0666667	0.0298936
120	0.0625	0.0298396
120	0.0625	0.0301364
118	0.0714286	0.0300734
117	0.0769231	0.0297153
117	0.0769231	0.0296976
117	0.0769231	0.0298183
117	0.0769231	0.0298538
117	0.0769231	0.0298587
117	0.0769231	0.0299579
117	0.0769231	0.0297296
117	0.0769231	0.0297747
117	0.0769231	0.0298899
123	0.0526316	0.0295313
123	0.0526316	0.0295648
122	0.0555556	0.0297354
122	0.0555556	0.0298701
121	0.0588235	0.0298829
121	0.0588235	0.029991
121	0.0588235	0.0303497
123	0.0526316	0.0302473
120	0.0625	0.0303941
119	0.0666667	0.0303878
122	0.0555556	0.0306069
122	0.0555556	0.0304248
117	0.0769231	0.030555
117	0.0769231	0.0304436
117	0.0769231	0.0305611
120	0.0625	0.0302898
121	0.0588235	0.0301139
122	0.0555556	0.0301821
121	0.0588235	0.0300248
119	0.0666667	0.0300935
119	0.0666667	0.029919
119	0.0666667	0.0300072
121	0.0588235	0.0300482
121	0.0588235	0.0302149
120	0.0625	0.0302274
120	0.0625	0.0301755
123	0.0526316	0.0301357
122	0.0555556	0.030327
120	0.0625	0.0301666
120	0.0625	0.0299397
120	0.0625	0.0300514
120	0.0625	0.0303035
120	0.0625	0.0303097
120	0.0625	0.0301623
120	0.0625	0.0298657
120	0.0625	0.0300368
120	0.0625	0.0300001
121	0.0588235	0.0299671
121	0.0588235	0.0304666
121	0.0588235	0.0300628
121	0.0588235	0.0300491
117	0.0769231	0.0299311
117	0.0769231	0.030198
117	0.0769231	0.0297709
117	0.0769231	0.030275
120	0.0625	0.0300621
120	0.0625	0.0301815
120	0.0625	0.0300099
120	0.0625	0.030057
120	0.0625	0.0300126
121	0.0588235	0.0300627
121	0.0588235	0.0299773
121	0.0588235	0.0301544
118	0.0714286	0.0303149
118	0.0714286	0.0302164
118	0.0714286	0.0300288
118	0.0714286	0.0300195
118	0.0714286	0.0304143
118	0.0714286	0.030118
118	0.0714286	0.0298373
119	0.0666667	0.0300797
120	0.0625	0.0298359
124	0.05	0.0296856
121	0.0588235	0.0295954
123	0.0526316	0.0298328
120	0.0625	0.0297351
120	0.0625	0.0296492
121	0.0588235	0.0297512
122	0.0555556	0.0295877
122	0.0555556	0.0296727
122	0.0555556	0.0297011
120	0.0625	0.0298587
121	0.0588235	0.0298982
118	0.0714286	0.0298908
118	0.0714286	0.0299369
118	0.0714286	0.0300384
121	0.0588235	0.0302617
121	0.0588235	0.030288
118	0.0714286	0.0299823
120	0.0625	0.0301295
120	0.0625	0.0299326
120	0.0625	0.0298776
120	0.0625	0.0299793
120	0.0625	0.0299887
120	0.0625	0.0300091
120	0.0625	0.0301651
120	0.0625	0.0300026
120	0.0625	0.0299013
120	0.0625	0.0300093
121	0.0588235	0.0300386
117	0.0769231	0.0301454
117	0.0769231	0.0302638
121	0.0588235	0.0302655
121	0.0588235	0.0303545
121	0.0588235	0.0300013
121	0.0588235	0.0300737
120	0.0625	0.0297539
121	0.0588235	0.029977
121	0.0588235	0.0298255
119	0.0666667	0.0296724
119	0.0666667	0.0299544
117	0.0769231	0.0301066
122	0.0555556	0.0299452
117	0.0769231	0.029839
121	0.0588235	0.0298904
122	0.0555556	0.0297019
123	0.0526316	0.0297316
123	0.0526316	0.0294659
123	0.0526316	0.0294071
123	0.0526316	0.0294043
121	0.0588235	0.0293418
122	0.0555556	0.0296586
123	0.0526316	0.0295443
123	0.0526316	0.0295968
124	0.05	0.0296814
122	0.0555556	0.0296615
120	0.0625	0.0296337
121	0.0588235	0.0294447
123	0.0526316	0.0294837
123	0.0526316	0.0295694
125	0.047619	0.0293294
122	0.0555556	0.0293226
122	0.0555556	0.0293958
121	0.0588235	0.0294238
122	0.0555556	0.0295831
122	0.0555556	0.0295069
118	0.0714286	0.0297873
118	0.0714286	0.0298019
121	0.0588235	0.0296624
123	0.0526316	0.0294359
121	0.0588235	0.0293491
121	0.0588235	0.029439
120	0.0625	0.0296301
120	0.0625	0.0295402
120	0.0625	0.0296208
124	0.05	0.0295872
124	0.05	0.0297715
123	0.0526316	0.0296777
123	0.0526316	0.029887
122	0.0555556	0.0297398
121	0.0588235	0.0297894
123	0.0526316	0.0297267
122	0.0555556	0.0294631
122	0.0555556	0.0294261
120	0.0625	0.0297708
120	0.0625	0.0300741
121	0.0588235	0.0299836
121	0.0588235	0.0298245
118	0.0714286	0.0298865
118	0.0714286	0.0303679
118	0.0714286	0.030316
118	0.0714286	0.030318
118	0.0714286	0.0301853
117	0.0769231	0.0301543
118	0.0714286	0.0302589
118	0.0714286	0.0298324
118	0.0714286	0.0302623
118	0.0714286	0.0305738
118	0.0714286	0.0303044
123	0.0526316	0.0301707
122	0.0555556	0.0299463
122	0.0555556	0.0300506
121	0.0588235	0.0300703
121	0.0588235	0.0298634
122	0.0555556	0.0299688
122	0.0555556	0.0298628
121	0.0588235	0.0301363
121	0.0588235	0.0303646
121	0.0588235	0.0303647
121	0.0588235	0.0297099
119	0.0666667	0.029694
121	0.0588235	0.0297752
121	0.0588235	0.0298601
123	0.0526316	0.0298654
122	0.0555556	0.029943
121	0.0588235	0.0299322
121	0.0588235	0.0302145
123	0.0526316	0.0298674
120	0.0625	0.0299925
120	0.0625	0.0297778
120	0.0625	0.0296836
120	0.0625	0.0293895
120	0.0625	0.0297245
120	0.0625	0.030057
120	0.0625	0.0298774
120	0.0625	0.0297835
122	0.0555556	0.0297034
118	0.0714286	0.0299727
118	0.0714286	0.0298266
118	0.0714286	0.0295804
122	0.0555556	0.029565
122	0.0555556	0.0296269
122	0.0555556	0.0296425
122	0.0555556	0.0296883
123	0.0526316	0.0297298
123	0.0526316	0.0297748
119	0.0666667	0.0295079
123	0.0526316	0.0296875
124	0.05	0.0295069
122	0.0555556	0.0296035
122	0.0555556	0.0297349
122	0.0555556	0.0300713
124	0.05	0.0300051
120	0.0625	0.0298821
124	0.05	0.0297134
124	0.05	0.0296863
123	0.0526316	0.0296172
123	0.0526316	0.0295348
121	0.0588235	0.0297601
119	0.0666667	0.0298364
119	0.0666667	0.029897
119	0.0666667	0.0300239
119	0.0666667	0.0297205
124	0.05	0.0296935
121	0.0588235	0.0298589
121	0.0588235	0.0300315
120	0.0625	0.0299871
120	0.0625	0.0299697
121	0.0588235	0.030095
122	0.0555556	0.030129
122	0.0555556	0.0300377
122	0.0555556	0.0302013
120	0.0625	0.0300769
121	0.0588235	0.0302076
121	0.0588235	0.0300931
121	0.0588235	0.0302771
121	0.0588235	0.0302734
120	0.0625	0.0302421
120	0.0625	0.030456
121	0.0588235	0.0300628
121	0.0588235	0.0301114
121	0.0588235	0.0298621
121	0.0588235	0.0300128
119	0.0666667	0.0298963
120	0.0625	0.0300666
120	0.0625	0.0301144
120	0.0625	0.0300602
121	0.0588235	0.0300403
121	0.0588235	0.0300683
121	0.0588235	0.0300605
123	0.0526316	0.029663
122	0.0555556	0.0297034
122	0.0555556	0.0298052
121	0.0588235	0.0297917
120	0.0625	0.029588
120	0.0625	0.029831
120	0.0625	0.0298734
120	0.0625	0.029722
121	0.0588235	0.0297302
122	0.0555556	0.0300065
120	0.0625	0.0296948
120	0.0625	0.0297186
122	0.0555556	0.0297794
122	0.0555556	0.0295621
120	0.0625	0.0296246
122	0.0555556	0.0297549
118	0.0714286	0.0297733
117	0.0769231	0.0298165
122	0.0555556	0.0299703
121	0.0588235	0.0298688
118	0.0714286	0.0300821
122	0.0555556	0.0299848
121	0.0588235	0.0299786
122	0.0555556	0.0301128
122	0.0555556	0.0301316
118	0.0714286	0.030109
122	0.0555556	0.0300022
122	0.0555556	0.0299559
121	0.0588235	0.0300458
120	0.0625	0.0298346
121	0.0588235	0.0301989
120	0.0625	0.0299533
123	0.0526316	0.0296969
120	0.0625	0.0298799
120	0.0625	0.0299237
120	0.0625	0.0300598
120	0.0625	0.0300058
120	0.0625	0.0303198
120	0.0625	0.0303386
120	0.0625	0.030076
121	0.0588235	0.0298109
120	0.0625	0.0298964
120	0.0625	0.0302162
121	0.0588235	0.0300309
121	0.0588235	0.0300493
120	0.0625	0.0299781
120	0.0625	0.0303418
122	0.0555556	0.0302224
121	0.0588235	0.0298231
122	0.0555556	0.0299111
122	0.0555556	0.0298254
122	0.0555556	0.0298063
122	0.0555556	0.0300564
122	0.0555556	0.0297975
122	0.0555556	0.0301905
120	0.0625	0.0302142
120	0.0625	0.0302475
121	0.0588235	0.0300663
122	0.0555556	0.0300664
120	0.0625	0.029869
120	0.0625	0.0299149
123	0.0526316	0.0298377
121	0.0588235	0.0299166
121	0.0588235	0.030008
121	0.0588235	0.0300392
121	0.0588235	0.0300286
118	0.0714286	0.030014
124	0.05	0.0301614
122	0.0555556	0.030031
120	0.0625	0.0302942
120	0.0625	0.029866
120	0.0625	0.0299097
120	0.0625	0.0301668
121	0.0588235	0.0300261
121	0.0588235	0.0298804
120	0.0625	0.0299744
120	0.0625	0.0301276
120	0.0625	0.030484
120	0.0625	0.0302675
120	0.0625	0.0299421
118	0.0714286	0.0298562
118	0.0714286	0.0299663
118	0.0714286	0.0301572
118	0.0714286	0.0300831
118	0.0714286	0.030167
120	0.0625	0.0303493
120	0.0625	0.0300164
120	0.0625	0.030355
120	0.0625	0.0301709
120	0.0625	0.0302481
120	0.0625	0.0302023
120	0.0625	0.0301927
121	0.0588235	0.0301996
121	0.0588235	0.0302364
119	0.0666667	0.0302387
121	0.0588235	0.0300553
121	0.0588235	0.0297814
121	0.0588235	0.029695
121	0.0588235	0.0299337
122	0.0555556	0.0296668
121	0.0588235	0.0302744
122	0.0555556	0.0300467
121	0.0588235	0.0301558
121	0.0588235	0.0304884
121	0.0588235	0.0299472
121	0.0588235	0.0299235
121	0.0588235	0.0301094
121	0.0588235	0.0301773
121	0.0588235	0.0302286
121	0.0588235	0.0298863
121	0.0588235	0.0299451
122	0.0555556	0.0299767
120	0.0625	0.0300239
118	0.0714286	0.0300773
118	0.0714286	0.030099
120	0.0625	0.0300726
120	0.0625	0.0300333
121	0.0588235	0.0299231
121	0.0588235	0.0300486
121	0.0588235	0.0300559
121	0.0588235	0.0301373
121	0.0588235	0.0299624
121	0.0588235	0.0300529
121	0.0588235	0.0299333
121	0.0588235	0.0298864
120	0.0625	0.0297747
120	0.0625	0.0299758
120	0.0625	0.0301028
122	0.0555556	0.0299562
118	0.0714286	0.029786
118	0.0714286	0.0301434
118	0.0714286	0.0298441
118	0.0714286	0.0299998
122	0.0555556	0.0302643
120	0.0625	0.0301982
117	0.0769231	0.0303976
121	0.0588235	0.0305378
121	0.0588235	0.0302265
120	0.0625	0.0301132
120	0.0625	0.0302105
117	0.0769231	0.0302256
117	0.0769231	0.0304068
117	0.0769231	0.0303559
120	0.0625	0.030265
120	0.0625	0.0300743
120	0.0625	0.030239
120	0.0625	0.0301324
120	0.0625	0.0303973
120	0.0625	0.0304547
120	0.0625	0.0303388
121	0.0588235	0.030263
121	0.0588235	0.0302582
120	0.0625	0.0302146
121	0.0588235	0.0301544
121	0.0588235	0.0302349
121	0.0588235	0.0304391
121	0.0588235	0.0305245
121	0.0588235	0.0304666
121	0.0588235	0.0304336
119	0.0666667	0.0302617
119	0.0666667	0.0305066
120	0.0625	0.0301477
118	0.0714286	0.0303088
120	0.0625	0.0301271
120	0.0625	0.0301959
117	0.0769231	0.0302678
120	0.0625	0.0299815
117	0.0769231	0.0303367
122	0.0555556	0.0300358
122	0.0555556	0.0301913
120	0.0625	0.0301546
120	0.0625	0.0302779
120	0.0625	0.0303821
121	0.0588235	0.0299295
118	0.0714286	0.0299425
120	0.0625	0.0299852
120	0.0625	0.0303089
120	0.0625	0.0303789
123	0.0526316	0.0300127
121	0.0588235	0.0298849
120	0.0625	0.0306851
117	0.0769231	0.0306342
117	0.0769231	0.0304061
117	0.0769231	0.0306465
121	0.0588235	0.0305538
121	0.0588235	0.0302705
121	0.0588235	0.0299828
121	0.0588235	0.0299051
121	0.0588235	0.0302016
121	0.0588235	0.029684
120	0.0625	0.0298187
120	0.0625	0.029957
120	0.0625	0.0300111
122	0.0555556	0.0301634
121	0.0588235	0.0301661
120	0.0625	0.029948
122	0.0555556	0.0298936
122	0.0555556	0.0299876
117	0.0769231	0.0301667
117	0.0769231	0.030011
117	0.0769231	0.0300039
117	0.0769231	0.0301643
122	0.0555556	0.0302581
121	0.0588235	0.0302282
121	0.0588235	0.0303357
121	0.0588235	0.0301971
121	0.0588235	0.0302154
121	0.0588235	0.0301174
121	0.0588235	0.0302184
121	0.0588235	0.0300571
121	0.0588235	0.0298267
120	0.0625	0.0299162
120	0.0625	0.0298124
120	0.0625	0.0298013
120	0.0625	0.0298595
121	0.0588235	0.0300463
122	0.0555556	0.0298363
120	0.0625	0.0298765
120	0.0625	0.0301449
121	0.0588235	0.0301819
121	0.0588235	0.0301804
120	0.0625	0.0300703
120	0.0625	0.0300195
120	0.0625	0.0301536
120	0.0625	0.0301531
120	0.0625	0.029818
122	0.0555556	0.029779
122	0.0555556	0.0298202
123	0.0526316	0.0294735
120	0.0625	0.029408
120	0.0625	0.0294144
121	0.0588235	0.0293804
121	0.0588235	0.0293449
122	0.0555556	0.0291734
120	0.0625	0.0293016
122	0.0555556	0.0294622
122	0.0555556	0.029257
120	0.0625	0.0292682
120	0.0625	0.0293492
120	0.0625	0.0296389
120	0.0625	0.0298343
121	0.0588235	0.0298937
121	0.0588235	0.0300897
121	0.0588235	0.0299651
121	0.0588235	0.0302375
120	0.0625	0.0302422
120	0.0625	0.0296395
120	0.0625	0.0297519
120	0.0625	0.0301099
118	0.0714286	0.0299677
120	0.0625	0.0301879
118	0.0714286	0.0301496
118	0.0714286	0.0301632
118	0.0714286	0.0303229
118	0.0714286	0.0301157
118	0.0714286	0.0303403
118	0.0714286	0.0303832
118	0.0714286	0.030025
118	0.0714286	0.0300564
118	0.0714286	0.0304013
118	0.0714286	0.0299667
120	0.0625	0.0301827
120	0.0625	0.0301355
121	0.0588235	0.0302739
121	0.0588235	0.0302753
121	0.0588235	0.0301347
121	0.0588235	0.0296158
122	0.0555556	0.0298105
120	0.0625	0.0296063
123	0.0526316	0.0294226
123	0.0526316	0.0293613
124	0.05	0.0294284
122	0.0555556	0.0294275
120	0.0625	0.0294379
120	0.0625	0.0294835
120	0.0625	0.0297542
121	0.0588235	0.0297401
121	0.0588235	0.0296647
119	0.0666667	0.0301127
119	0.0666667	0.0301966
120	0.0625	0.0303321
119	0.0666667	0.030001
120	0.0625	0.0300972
120	0.0625	0.0297872
120	0.0625	0.029929
120	0.0625	0.0295828
120	0.0625	0.0293518
120	0.0625	0.02963
121	0.0588235	0.029354
121	0.0588235	0.0294503
121	0.0588235	0.0293359
121	0.0588235	0.0295465
121	0.0588235	0.0296664
121	0.0588235	0.0297739
121	0.0588235	0.0294017
121	0.0588235	0.029393
119	0.0666667	0.0296281
119	0.0666667	0.0297733
123	0.0526316	0.0298857
123	0.0526316	0.030033
120	0.0625	0.0300708
120	0.0625	0.0304733
120	0.0625	0.0301396
122	0.0555556	0.0302513
122	0.0555556	0.0299663
121	0.0588235	0.0298287
120	0.0625	0.0300217
120	0.0625	0.0303163
120	0.0625	0.0303661
119	0.0666667	0.0303507
122	0.0555556	0.0302996
120	0.0625	0.0300818
123	0.0526316	0.0303451
119	0.0666667	0.0297236
119	0.0666667	0.0295627
123	0.0526316	0.0294193
122	0.0555556	0.029567
122	0.0555556	0.0297257
119	0.0666667	0.0298407
119	0.0666667	0.0298883
122	0.0555556	0.0299909
117	0.0769231	0.0299332
123	0.0526316	0.0297831
119	0.0666667	0.0300184
120	0.0625	0.0299599
121	0.0588235	0.0297594
121	0.0588235	0.0299961
121	0.0588235	0.0296241
121	0.0588235	0.0296417
123	0.0526316	0.0295609
117	0.0769231	0.029419
117	0.0769231	0.0297998
121	0.0588235	0.0297975
121	0.0588235	0.0299227
123	0.0526316	0.0299876
123	0.0526316	0.0299783
123	0.0526316	0.0298373
122	0.0555556	0.0296711
122	0.0555556	0.0299195
122	0.0555556	0.0298118
118	0.0714286	0.0299601
118	0.0714286	0.0299981
118	0.0714286	0.0300343
118	0.0714286	0.0300012
118	0.0714286	0.0301236
121	0.0588235	0.0300092
122	0.0555556	0.029973
121	0.0588235	0.0297166
120	0.0625	0.0298962
119	0.0666667	0.0297208
120	0.0625	0.0296841
120	0.0625	0.0299863
121	0.0588235	0.0299412
121	0.0588235	0.029747
119	0.0666667	0.0297857
121	0.0588235	0.0298301
121	0.0588235	0.029967
121	0.0588235	0.0299171
120	0.0625	0.0297101
117	0.0769231	0.0297324
123	0.0526316	0.0297857
123	0.0526316	0.0299578
123	0.0526316	0.0295242
123	0.0526316	0.0295427
118	0.0714286	0.0298759
122	0.0555556	0.0299247
122	0.0555556	0.029943
122	0.0555556	0.0302026
120	0.0625	0.0298944
118	0.0714286	0.0299114
118	0.0714286	0.0297333
121	0.0588235	0.0298065
121	0.0588235	0.0295789
120	0.0625	0.0296606
121	0.0588235	0.0299943
120	0.0625	0.0295961
120	0.0625	0.0295808
120	0.0625	0.0294076
121	0.0588235	0.0293095
121	0.0588235	0.0294852
121	0.0588235	0.0296525
120	0.0625	0.0297521
120	0.0625	0.0299876
120	0.0625	0.0299107
120	0.0625	0.029815
120	0.0625	0.0295731
120	0.0625	0.0295857
120	0.0625	0.0292604
119	0.0666667	0.0297154
120	0.0625	0.0296658
120	0.0625	0.0298026
120	0.0625	0.02968
120	0.0625	0.0296369
120	0.0625	0.0295989
120	0.0625	0.0298197
120	0.0625	0.0295485
119	0.0666667	0.0293279
119	0.0666667	0.0294392
120	0.0625	0.0293025
120	0.0625	0.0292984
121	0.0588235	0.029422
120	0.0625	0.0293809
120	0.0625	0.0293219
121	0.0588235	0.0290791
121	0.0588235	0.0290629
120	0.0625	0.0292079
120	0.0625	0.0295234
120	0.0625	0.0291455
120	0.0625	0.0293776
122	0.0555556	0.029496
124	0.05	0.0295289
124	0.05	0.0297931
124	0.05	0.0299406
121	0.0588235	0.0299875
119	0.0666667	0.0300328
119	0.0666667	0.0299351
119	0.0666667	0.0298534
121	0.0588235	0.0300804
121	0.0588235	0.0300202
123	0.0526316	0.0300356
122	0.0555556	0.0300169
121	0.0588235	0.0297704
120	0.0625	0.0295126
121	0.0588235	0.0293556
121	0.0588235	0.0293542
121	0.0588235	0.0296154
121	0.0588235	0.0297434
121	0.0588235	0.0299182
121	0.0588235	0.0305481
119	0.0666667	0.0302046
120	0.0625	0.0301924
120	0.0625	0.0299045
120	0.0625	0.030296
118	0.0714286	0.0302323
121	0.0588235	0.0300277
122	0.0555556	0.0298444
121	0.0588235	0.0301567
121	0.0588235	0.0298996
121	0.0588235	0.0300932
122	0.0555556	0.0299711
122	0.0555556	0.0301246
121	0.0588235	0.0302041
119	0.0666667	0.030233
119	0.0666667	0.0301273
119	0.0666667	0.0302434
119	0.0666667	0.0302902
119	0.0666667	0.0301603
119	0.0666667	0.0303569
123	0.0526316	0.0300517
122	0.0555556	0.0300883
122	0.0555556	0.0299172
122	0.0555556	0.029957
123	0.0526316	0.0294976
123	0.0526316	0.0297815
122	0.0555556	0.0298119
122	0.0555556	0.0302388
117	0.0769231	0.0300513
117	0.0769231	0.0301853
117	0.0769231	0.0300941
117	0.0769231	0.030029
117	0.0769231	0.0302117
117	0.0769231	0.0297646
120	0.0625	0.0300321
122	0.0555556	0.0297729
121	0.0588235	0.0298325
117	0.0769231	0.0297338
122	0.0555556	0.0298078
122	0.0555556	0.0296945
121	0.0588235	0.0298849
119	0.0666667	0.0298032
121	0.0588235	0.0296505
121	0.0588235	0.0298321
121	0.0588235	0.0297796
121	0.0588235	0.0297352
121	0.0588235	0.029809
121	0.0588235	0.029917
121	0.0588235	0.0299991
119	0.0666667	0.0300059
120	0.0625	0.0300408
121	0.0588235	0.0299213
121	0.0588235	0.0302605
120	0.0625	0.029957
119	0.0666667	0.03006
119	0.0666667	0.0300006
119	0.0666667	0.0301998
119	0.0666667	0.0301037
119	0.0666667	0.0300533
119	0.0666667	0.0299819
119	0.0666667	0.03003
120	0.0625	0.0301659
120	0.0625	0.0300201
119	0.0666667	0.0295676
119	0.0666667	0.0297249
119	0.0666667	0.0298217
120	0.0625	0.0300565
120	0.0625	0.0296186
122	0.0555556	0.0298281
120	0.0625	0.029943
120	0.0625	0.0295443
122	0.0555556	0.0294984
122	0.0555556	0.0296486
121	0.0588235	0.0294983
121	0.0588235	0.0298262
121	0.0588235	0.029735
121	0.0588235	0.0297874
120	0.0625	0.0296286
120	0.0625	0.0297452
121	0.0588235	0.0296395
121	0.0588235	0.0297745
122	0.0555556	0.0297089
118	0.0714286	0.0299788
118	0.0714286	0.0301897
120	0.0625	0.0303169
120	0.0625	0.030272
120	0.0625	0.0300299
115	0.0909091	0.0299864
115	0.0909091	0.0300744
115	0.0909091	0.0301412
115	0.0909091	0.0302657
115	0.0909091	0.0301061
115	0.0909091	0.0300004
119	0.0666667	0.0299308
119	0.0666667	0.0301163
119	0.0666667	0.0299885
119	0.0666667	0.0298343
119	0.0666667	0.030014
119	0.0666667	0.0298717
120	0.0625	0.0298479
120	0.0625	0.029769
120	0.0625	0.0300793
121	0.0588235	0.0299394
121	0.0588235	0.0298169
121	0.0588235	0.029733
117	0.0769231	0.0298888
121	0.0588235	0.0298942
119	0.0666667	0.0298517
119	0.0666667	0.0298325
117	0.0769231	0.0299823
121	0.0588235	0.030134
117	0.0769231	0.0300657
117	0.0769231	0.0301774
117	0.0769231	0.0302462
121	0.0588235	0.0302427
119	0.0666667	0.0299386
121	0.0588235	0.0301217
121	0.0588235	0.0295924
120	0.0625	0.0300109
117	0.0769231	0.0303888
117	0.0769231	0.0305196
117	0.0769231	0.0305749
115	0.0909091	0.0301689
115	0.0909091	0.0304168
115	0.0909091	0.0302383
122	0.0555556	0.0301114
120	0.0625	0.0303038
122	0.0555556	0.0303267
119	0.0666667	0.0300605
119	0.0666667	0.0301138
119	0.0666667	0.030049
119	0.0666667	0.0304916
119	0.0666667	0.0305803
119	0.0666667	0.0305903
119	0.0666667	0.0304064
119	0.0666667	0.0304715
120	0.0625	0.0302979
118	0.0714286	0.0304036
118	0.0714286	0.0305701
115	0.0909091	0.0304534
118	0.0714286	0.0301722
117	0.0769231	0.0304156
117	0.0769231	0.0303852
117	0.0769231	0.0304248
117	0.0769231	0.0307754
117	0.0769231	0.0307668
117	0.0769231	0.0308707
117	0.0769231	0.0307555
117	0.0769231	0.030624
117	0.0769231	0.0303059
119	0.0666667	0.0304888
121	0.0588235	0.0304593
115	0.0909091	0.0307459
115	0.0909091	0.031164
115	0.0909091	0.0308402
120	0.0625	0.0305991
118	0.0714286	0.030463
119	0.0666667	0.0304913
120	0.0625	0.0305797
118	0.0714286	0.0309039
118	0.0714286	0.0307791
118	0.0714286	0.0303839
120	0.0625	0.0302559
118	0.0714286	0.0303524
119	0.0666667	0.030625
119	0.0666667	0.0303484
119	0.0666667	0.0300498
120	0.0625	0.0300172
119	0.0666667	0.0303174
117	0.0769231	0.0302583
117	0.0769231	0.0303709
120	0.0625	0.0301264
119	0.0666667	0.0301501
119	0.0666667	0.0302724
119	0.0666667	0.0304344
119	0.0666667	0.0303695
119	0.0666667	0.030426
119	0.0666667	0.03031
119	0.0666667	0.030278
119	0.0666667	0.0301419
119	0.0666667	0.0297903
119	0.0666667	0.0300228
119	0.0666667	0.0299479
119	0.0666667	0.0302508
118	0.0714286	0.0302006
120	0.0625	0.0304408
120	0.0625	0.0304557
120	0.0625	0.0303601
119	0.0666667	0.0306939
118	0.0714286	0.030783
119	0.0666667	0.0304125
118	0.0714286	0.0304746
118	0.0714286	0.0305162
118	0.0714286	0.0302965
117	0.0769231	0.030284
117	0.0769231	0.0304688
117	0.0769231	0.0306298
117	0.0769231	0.0304009
117	0.0769231	0.0305226
117	0.0769231	0.0306191
117	0.0769231	0.0306168
117	0.0769231	0.0307283
117	0.0769231	0.0307248
120	0.0625	0.030887
120	0.0625	0.0308697
119	0.0666667	0.030727
119	0.0666667	0.0304926
118	0.0714286	0.0304758
118	0.0714286	0.0308995
119	0.0666667	0.0307907
118	0.0714286	0.0312432
117	0.0769231	0.0313649
117	0.0769231	0.0312175
117	0.0769231	0.0314558
115	0.0909091	0.0310578
115	0.0909091	0.0308339
115	0.0909091	0.0307201
115	0.0909091	0.0308884
120	0.0625	0.0308254
117	0.0769231	0.0306456
117	0.0769231	0.0305681
117	0.0769231	0.0303334
119	0.0666667	0.0302655
117	0.0769231	0.0302532
117	0.0769231	0.0304432
117	0.0769231	0.0305018
115	0.0909091	0.0305547
115	0.0909091	0.0305137
115	0.0909091	0.0307987
116	0.0833333	0.0305609
116	0.0833333	0.0305152
116	0.0833333	0.0303333
116	0.0833333	0.0306886
116	0.0833333	0.0306921
118	0.0714286	0.030829
115	0.0909091	0.030899
118	0.0714286	0.0310955
118	0.0714286	0.0308039
118	0.0714286	0.0306685
118	0.0714286	0.0303498
118	0.0714286	0.0304611
118	0.0714286	0.0303284
118	0.0714286	0.0303368
118	0.0714286	0.0301379
120	0.0625	0.0303375
118	0.0714286	0.0307891
117	0.0769231	0.030614
118	0.0714286	0.0305871
118	0.0714286	0.0307484
118	0.0714286	0.0306173
118	0.0714286	0.0303836
120	0.0625	0.0303691
120	0.0625	0.0302255
121	0.0588235	0.0298668
121	0.0588235	0.0297851
119	0.0666667	0.0300672
119	0.0666667	0.030077
119	0.0666667	0.0300135
120	0.0625	0.0299885
118	0.0714286	0.0301179
118	0.0714286	0.0301398
120	0.0625	0.0299187
116	0.0833333	0.030394
116	0.0833333	0.0303043
118	0.0714286	0.0304184
118	0.0714286	0.0302691
118	0.0714286	0.0301377
118	0.0714286	0.030111
118	0.0714286	0.0304935
118	0.0714286	0.0303816
121	0.0588235	0.030292
121	0.0588235	0.0302371
